#Hurst #L  #lamdbaR #lambdaS #surfaceEnergy  #rho  #pulloff
0.8   512   128   2     0.0173428  0.01586214  3.40359e-07
0.8   512   128   2     0.043357   0.0292183   1.81636e-06
0.8   512   128   2     0.0693712  0.0399701   3.75757e-06
0.8   512   128   2     0.086714   0.0582647   8.74492e-06
0.8   512   128   2     0.130071   0.0763485   1.59918e-05
0.8   512   128   2     0.1647566  0.0893803   2.33641e-05
0.8   512   128   2     0.2254564  0.1101672   3.69621e-05
0.8   512   128   2     0.2774848  0.1265239   4.74185e-05
0.8   512   128   2     0.3208418  0.1393822   5.43485e-05
0.8   512   128   4     0.0117842  0.2302567 1.00481e-06
0.8   512   128   4     0.0353528  0.4789534 6.01779e-06
0.8   512   128   4     0.0824898  0.842580  3.63743e-05
0.8   512   128   4     0.1178425 1.0687574 0.000124832
0.8   512   128   4     0.15320  1.273038  0.000273065
0.8   512   128   4     0.20033  1.522340  0.000774332
0.8   512   128   4     0.29461  1.968668  0.00274586
0.8   512   128   4     0.53029  2.913091  0.0107981
0.8   512   128   4     0.88382  4.094994  0.0267151
0.8   512   128   4     1.35519  5.445164  0.0474181
0.8   512   128   4     2.03868  7.148965  0.07286
0.8   512   128   4     2.71038  8.643660  0.0938028
0.8   512   128   4     4.38374  11.90989  0.134188 
0.8   512   128   4     7.65977  17.27778  0.186949
0.8   512   128   4     10.6058  21.46384  0.220005
0.8   512   128   4     14.7303  26.71893  0.342618
0.8   512   128   2     0.432617  0.5103526  0.000823829
0.8   512   128   2     0.475879  0.5438329  0.005592198
0.8   512   128   2     0.674883  0.6864677  0.01632923
0.8   512   128   2     0.778711  0.7551827   0.02237827
0.8   512   128   2     0.951758  0.8632809  0.03716746
0.8   512   128   2     1.384375  1.108248   0.07137272
0.8   512   128   2    1.990039  1.4115911  0.11743682
0.8   512   128   2    2.76875   1.7592342   0.16347209
0.8   512   128   2     3.893555  2.2081675  0.25283281
0.8   512   128   2     5.364453  2.7341236  0.28938542
0.8   1024  128   2    0.432617  0.5103526   0.000383705
0.8   1024  128   2    0.475879  0.5438329   0.00259732
0.8   1024  128   2    0.674883  0.6864677   0.01257219
0.8   1024  128   2    0.778711  0.7551827   0.0187345
0.8   1024  128   2    0.951758  0.8632809   0.0312837
0.8   1024  128   2    1.384375  1.108248    0.0592372
0.8   1024  128   2    1.990039  1.4115911   0.0986542
0.8   1024  128   2    2.76875   1.7592342   0.1637294
0.8   1024  128   2    3.893555  2.2081675   0.2427312
0.8   1024  128   2     5.364453  2.7341236  0.29372725
0.8   512	128	32	0.455834	4.18537   0.00107768
0.8   1536	128	64	0.435573	1.67609   1.01477e-05
0.8   1536	512	16	0.00522671	3.18212   2.18304e-07
0.8   1280	64	32	0.177285	3.76808   0.00105033 
0.8   2048	256	16	0.0763517	2.9888    5.24534e-06
0.8   512	64	64	0.0784438	0.914735  1.32635e-05
0.8   1536	384	24	0.148421	2.71441   1.03447e-05
0.8   512	128	16	0.0962038	2.37689   5.48813e-05
0.8   1792	32	32	0.867604	2.68246   0.0194114
0.8   2048	512	256	0.353219	3.2784    1.75723e-05
0.8   2048	128	64	0.182328	3.13367   3.13519e-06
0.8   1536	512	16	0.991867	4.11226   5.76743e-05
0.8   1536	192	32	0.467107	2.69455   0.000164235
0.8   1536	96	48	0.571727	4.16106   0.00116182
0.8   1536	1536	32	0.774279	1.59973   0.000105934
0.8   1792	128	128	0.165033	0.92277   4.33404e-06
0.8   1536	192	64	0.0817334	2.8442    2.4134e-06
0.8   512	32	16	0.560684	2.07982   0.0204942
0.8   256	256	256	0.071135	2.61964   0.000279769
0.8   1024	256	64	0.580404	0.760646  0.000272724 
0.8   1536	192	64	0.968445	3.48196   3.91454e-05
0.8   512	32	32	0.446783	3.74455   0.00953432
0.8   1792	256	16	0.688228	4.25946   0.0012244
0.8   2048	64	4	0.42053  	0.85055   0.00630281
0.8   2048	64	32	0.186376	2.82991   0.000384371 
0.8   768	192	48	0.260378	4.99365   0.000310152
0.8   1536	256	16	0.623386	4.09595   0.000218884
0.8   2048	128	8	0.940796	4.49263   0.0194287
0.8   768	192	192	0.861006	3.83961   0.000739285
0.8   256	128	128	0.526814	0.0147224 7.63922e-08  #tobe reproduce
0.8   2048	1024	512	0.918248	4.44741   0.000172677
0.8   768	768	128	0.604106	3.62103   0.000441742
0.8   768	768	384	0.0471011	4.57557   2.80385e-05
0.8   1792	32	8	0.400884	1.45622   0.0178714   # tobe reproduce
0.8   1024	256	8	0.696442	1.12856   0.000687556
0.8   1280	32	4	0.715175	1.9859    0.0616557  #to be reproduced
0.8   1024	128	4	0.788693	4.94605   0.0240468    
0.8   1280	64	8	0.231312	3.42443   0.00634954
0.8   512	32	16	0.029026	0.964079  3.23911e-06
0.8   1536	1536	128	0.981784	2.34763   5.31983e-05
0.8   1024	64	8	0.106264	0.502769  6.05269e-06
0.8   1024	512	4	0.12302	        3.16695   1.80811e-05
0.8   2048	256	32	0.119244	3.32971   6.73708e-06
0.8   1536	1536	8	0.208926	4.02075   2.65456e-05
0.8   1536	192	32	0.661923	1.70786   0.000172969 
0.8   1280	1280	64	0.022014	3.14326   4.65899e-06
0.8   256	64	32	0.559687	4.04241   0.00555527
0.8   2048	2048	256	0.797925	1.31839   6.88271e-05
0.8   1536	192	24	0.379546	3.02554   6.3238e-05
0.8   1792	64	4	0.194327	1.67728   0.00330876
0.8   1792	256	16	0.918083	1.99411   0.000683331
0.8   1024	128	8	0.377109	4.05803   0.00474649
0.8   1280	640	4	0.351696	2.61369   6.29195e-05
0.8   256	64	64	0.634794	0.470579  0.00136933
0.8   1536	32	16	0.948602	2.83547   0.0479794
0.8   1792	896	896	0.913323	4.7813    0.000183188
0.8   1024	256	128	0.697583	2.23606   6.62782e-05
0.8   256	32	16	0.732764	0.223073  0.00631189  # to be reproduced
0.8   1024	128	128	0.714786	1.6978    5.50076e-05 
0.8   1536	128	32	0.789926	3.75948   0.0018046
0.8   1536	1536	1536	0.183727	3.48542   0.000112678
0.8   768	768	8	0.809373	2.28775   0.000717836
0.8   1536	384	48	0.849136	3.77307   0.000129838
0.8   768	384	96	0.0454308	1.78975   7.85628e-06
0.8   1536	1536	128	0.350173	4.60482   2.19327e-05
0.8   512	32	8	0.339796	1.43632   0.0143405  # to be reproduced
0.8   1024	64	16	0.910981	0.326714  0.00203824
0.8   768	128	16	0.822711	2.86889   0.00433456
0.8   256	256	64	0.100149	2.26853   0.000169177
0.8   1792	1792	56	0.889895	3.0171    0.000110624
0.8   1280	640	64	0.410578	3.2644    3.55375e-05
0.8   512	512	32	0.23345   	1.83858   0.000217418
0.8   1792	1792	224	0.0745898	1.9225    8.85681e-06
0.8   1536	1536	4	0.0336215	2.06551   1.32721e-06
0.8   1792	128	4	0.946717	3.64306   0.0228365
0.8   1792	224	8	0.617162	0.277795  3.56984e-06
0.8   1792	224	112	0.817743	4.11951   0.000221852
0.8   1792	1792	56	0.122087	0.0551509 9.41553e-05
0.8   1280	256	32	0.772939	2.52081   0.000217136
0.8   1280	1280	80	0.352011	3.10399   0.000112553
0.8   256	256	32	0.784203	2.77408   0.000800737
0.8   1536	192	24	0.423028	4.83844   0.000539018
0.8   512	128	64	0.581059	3.00705   0.000125794
0.8   2048	64	8	0.216106	1.31761   0.000994138
0.8   768	32	4	0.679398	2.70371   0.0623612  # to be reproduced 
0.8   1280	256	256	0.690417	0.856372  6.56813e-05
0.8   1536	512	64	0.609222	0.382549  1.87103e-05
0.8   1536	256	8	0.237456	4.15572   0.000120623
0.8   256	32	16	0.837176	2.95441   0.0402721
0.8   1024	1024	4	0.474624	0.445041  2.66043e-05
0.8   2048	2048	2048	0.0178217	3.27619   8.65326e-06
0.8   1792	224	56	0.683228	3.76984   0.000216297
0.8   768	256	16	0.126333	4.7452    0.00017893
0.8   512	256	256	0.94869	        4.01414   0.000692223
0.8   1536	768	192	0.101833	1.18619   7.55777e-06
0.8   768	256	64	0.229518	3.15376   0.000175492
0.8   1280	1280	80	0.113295	3.53708   3.601e-05
0.8   1536	192	16	0.203565	2.84048   8.09055e-06
0.8   1024	512	128	0.182102	4.37745   3.31945e-05
0.8   1280	160	4	0.21462	4.5533            0.00256004
