#radiusCurvatur  #surfaceEnerg  #pulloff Force
8.82636e-07	0.0131625	5.4747e-08
0.0755606	0.0458704	0.0163331
0.0532768	0.0219037	0.00549917
0.00470456	0.0678897	0.00150509
0.0679297	0.0934699	0.0299208
0.0383503	0.0519464	0.00938783
0.0830966	0.00346687	0.00135757
0.00534626	0.0529747	0.00133463
0.067115	0.000779742	0.00024661
0.0383416	0.00669356	0.0012094
0.0417487	0.0686804	0.0135119
0.0588977	0.0930443	0.0258244
0.0846167	0.0526976	0.021013
0.00919658	0.0653954	0.00283409
0.0416	0.070122	0.0137464
0.0910321	0.0762222	0.0326977
0.0262454	0.00475598	0.000588212
0.0736082	0.0328301	0.0113878
0.0632639	0.0756435	0.0225511
0.0991037	0.0365402	0.0170648
0.024704	0.0982552	0.0114383
0.0722661	0.075338	0.0256561
0.0651519	0.00727786	0.00223446
0.0631635	0.0884719	0.0263337
0.0272711	0.0436468	0.00560913
0.0766495	0.0477784	0.0172577
0.0237775	0.0274979	0.00308111
0.0359266	0.0166591	0.00282038
0.0486518	0.0897667	0.0205805
0.0909208	0.00606583	0.00259893
0.0904653	0.0504572	0.0215103
0.0516292	0.0319101	0.00776364
0.0986642	0.0494027	0.0229695
0.0266145	0.00908238	0.00113909
0.0947764	0.00738417	0.00329794
0.0500708	0.0384204	0.0090654
0.0277083	0.0913826	0.011932
0.0529748	0.0464499	0.0115957
0.094098	0.0050179	0.00222507
0.0761515	0.0770228	0.02764
0.0827817	0.0125453	0.00489391
0.00158687	0.0688486	0.000514846
0.0868247	0.062958	0.0257594
0.0736225	0.0725439	0.0251682
0.0999458	0.0888583	0.0418508
0.0233196	0.0306391	0.00336696
0.0351016	0.0513322	0.00849099
0.0591114	0.0845997	0.0235657
0.0412081	0.0841526	0.0163415
0.0269318	0.0415453	0.00527264
0.0537304	0.0467971	0.011849
0.0287213	0.017841	0.00241471
0.0153721	0.0571698	0.00414133
0.0802406	0.00331504	0.0012535
0.053445	0.049853	0.0125557
0.0955361	0.0748318	0.0336895
0.0554584	0.0890748	0.023279
0.062485	0.0842055	0.0247946
0.0159768	0.021283	0.00160238
0.071471	0.0130514	0.00439571
0.00909912	0.0274661	0.00117771
0.00030006	0.0414352	5.85893e-05
0.00268773	0.0709849	0.000899067
0.0937897	0.0239987	0.0106068
0.0180897	0.0317608	0.00270747
0.0886991	0.0652093	0.0272565
0.0150336	0.0681378	0.00482716
0.0385815	0.0387787	0.00705039
0.0499742	0.0147618	0.00347638
0.0587187	0.0845591	0.023398
0.0590109	0.0955413	0.0265684
0.0556147	0.0148237	0.00388496
0.0983305	0.0408826	0.0189438
0.0141821	0.0564942	0.00377559
0.0252127	0.0488566	0.00580475
0.0464031	0.0961099	0.0210163
0.0126032	0.0199837	0.00118685
0.031925	0.0629306	0.00946748
0.0126713	0.0651289	0.00388898
0.0621634	0.0803093	0.0235257
0.0247843	0.0476484	0.005565
0.0389315	0.020333	0.0037303
0.00283762	0.0901683	0.00120573
0.0426498	0.0142107	0.0028561
0.0947487	0.0410372	0.0183228
0.0131189	0.088566	0.00547529
0.00921745	0.0162282	0.000704893
0.00710645	0.0365402	0.00122367
0.0253058	0.0135196	0.00161222
0.0783153	0.0455362	0.0168052
0.0349525	0.0452355	0.00745072
0.0808945	0.0931681	0.0355163
0.0651646	0.0215327	0.00661228
0.0679593	0.0908931	0.0291086
0.0250126	0.0860874	0.0101471
0.0471263	0.0506005	0.0112372
0.0600394	0.081758	0.0231317
0.0755844	0.0462299	0.0164663
0.0951367	0.0632775	0.0283687
0.0439331	0.0824715	0.0170741
0.0688981	0.0702236	0.0227998
0.0987146	0.0954419	0.0443978
0.085127	0.0289387	0.0116088
0.0537426	0.0514483	0.0130296
0.0103435	0.0414087	0.00201836
0.0576717	0.0876578	0.0238229
0.0440039	0.0729775	0.0151329
0.0869264	0.0715671	0.0293161
0.0800721	0.0706565	0.0266609
0.0741716	0.00191905	0.000670757
0.0886031	0.0525035	0.0219219
0.0463323	0.00652874	0.00142546
0.0713423	0.0488994	0.0164396
0.0667679	0.0682081	0.0214608
0.0199556	0.0916642	0.00861995
0.0865883	0.089003	0.0363166
0.0543949	0.0139281	0.00357019
0.0450348	0.0989364	0.0209964
0.0215533	0.0446079	0.00453071
0.0315733	0.0514708	0.00765812
0.0881504	0.0439782	0.0182685
0.0467532	0.0806669	0.0177725
0.0365159	0.0211598	0.00364111
0.0999117	0.0153689	0.00723603
0.0630489	0.0616389	0.0183136
5.96042e-05	9.78912e-05	2.74955e-08
0.0773352	0.0727362	0.0265075
0.0319178	0.0417782	0.00628383
0.0682495	0.0680594	0.0218891
0.0205263	0.0836436	0.00809066
0.0708921	0.0828725	0.0276853
0.00945497	0.00818294	0.000364595
0.0764005	0.0629609	0.0226677
0.0213853	0.0213625	0.00215283
0.00810617	0.0388884	0.00148552
0.095216	0.094755	0.0425161
0.0389854	0.0269288	0.00494721
0.0692169	0.0284107	0.00926691
0.0776866	0.0783887	0.0286973
0.042246	0.0282228	0.00561858
0.0193968	0.00114151	0.00010434
0.0191825	0.0983237	0.008888
0.0244055	0.0819744	0.00942773
0.0136456	0.0398204	0.00256058
0.0601011	0.0176963	0.00501193
0.0828355	0.0157815	0.00616037
0.0987937	0.0257243	0.0119761
0.02336	0.0101727	0.00111983
0.0219411	0.0634754	0.00656305
0.0696008	0.079479	0.026068
0.0696243	0.0752965	0.0247045
0.0669521	0.0633467	0.0199861
0.00564416	0.0598257	0.00159121
0.0227008	0.0318846	0.00341086
0.0699835	0.0117525	0.00387586
0.0762571	0.0526171	0.0189081
0.0553912	0.058803	0.015349
0.0329667	0.0703019	0.0109215
0.0143046	0.0161772	0.00109048
0.0485326	0.086024	0.0196741
0.0813266	0.055688	0.021342
0.0738997	0.0316076	0.0110072
0.0135333	0.0528595	0.00337108
0.031074	0.058816	0.00861258
0.0518084	0.0430905	0.0105202
0.0258843	0.0370289	0.00451668
0.0393018	0.0446921	0.00827723
0.0475897	0.0387892	0.00869892
0.0279294	0.00783554	0.00103127
0.0369743	0.0253997	0.00442557
0.0671784	0.0676269	0.0214087
0.0513937	0.0728636	0.0176466
0.0720768	0.0944758	0.0320891
0.0460698	0.0940169	0.020411
0.0321561	0.0460488	0.00697787
0.0517146	0.0661389	0.016118
0.0401834	0.0605679	0.0114691
0.0986503	0.0150479	0.00699544
0.0670099	0.0343883	0.010859
0.0541711	0.0522855	0.0133472
0.0829239	0.00150491	0.000588072
0.027421	0.0643015	0.00830895
0.0546137	0.0917856	0.023622
0.0266614	0.097009	0.0121881
0.0246734	0.0843991	0.00981313
0.0694024	0.0455806	0.0149072
0.0817102	0.00221815	0.000854098
0.016075	0.0706979	0.00535548
0.0707827	0.0436695	0.0145662
0.0582422	0.0751735	0.0206321
0.0991533	0.069571	0.032507
0.0279512	0.0753887	0.00992999
0.017118	0.00043535	3.51182e-05
0.0495692	0.00800089	0.00186892
0.0163082	0.0903311	0.00694199
0.0782992	0.0746704	0.0275516
0.0436426	0.000644106	0.000132467
0.0584788	0.0518527	0.0142893
0.00668507	0.0544068	0.00171396
0.0389732	0.0215904	0.00396523
0.038577	0.0626899	0.0113964
0.0659054	0.0709349	0.0220304
0.0538662	0.0280361	0.00711664
0.0815932	0.0371972	0.0143023
0.0686102	0.0310238	0.0100305
0.000934851	0.0103887	4.57662e-05
0.0520961	0.0775903	0.0190482
0.0220686	0.00553733	0.000575859
0.00706358	0.0160358	0.000533773
0.0723764	0.0297092	0.0101328
0.00506035	0.0477857	0.00113951
0.0457162	0.0520036	0.0112033
0.044649	0.0150397	0.0031644
0.0285943	0.0833699	0.0112339
0.0695638	0.0577818	0.0189415
0.0681165	0.0331242	0.0106326
0.00574762	0.0986884	0.00267298
0.0542394	0.000175725	4.49148e-05
0.0856193	0.00294525	0.00118833
0.0377551	0.0489703	0.00871263
0.0576173	0.0738985	0.0200646
0.0679333	0.0536313	0.0171689
0.00355887	0.0122595	0.000205601
0.0973356	0.0188357	0.00863961
0.0351319	0.0614164	0.0101678
0.0607612	0.012602	0.00360834
0.0552863	0.0954033	0.0248555
0.0356926	0.0838118	0.0140969
0.0974252	0.0259088	0.0118949
0.0251528	0.0424393	0.00503033
0.0813048	0.0897924	0.0344031
0.0244587	0.0760641	0.00876707
0.0694857	0.0451906	0.0147974
0.0263621	0.0665537	0.00826786
0.0116572	0.0209641	0.00115163
0.0113677	0.054702	0.00293032
0.000608036	0.0176057	5.04456e-05
0.059936	0.0431965	0.0122005
0.00825075	0.0687446	0.00267284
0.0375311	0.0836223	0.0147895
0.0123638	0.0973349	0.00567104
0.00296363	0.0080445	0.000112348
0.0494245	0.076946	0.0179213
0.0934031	0.025023	0.0110139
0.0359658	0.0769137	0.0130357
0.0499956	0.0749277	0.0176529
0.0671904	0.0681698	0.0215844
0.075677	0.0036464	0.00130038
0.0230573	0.0221745	0.00240937
0.0562602	0.0652657	0.0173032
0.0616611	0.0371529	0.0107955
0.0224802	0.0233768	0.00247643
0.0653012	0.0166011	0.00510857
0.0744104	0.0159842	0.00560487
0.00476396	0.0662027	0.00148623
0.0124946	0.0949162	0.0055886
0.0484181	0.0621084	0.0141709
0.0914025	0.00180427	0.000777144
0.0593546	0.0721899	0.0201917
0.0496583	0.0053789	0.00125871
0.0441633	0.0519223	0.0108058
0.0771944	0.00654497	0.00238087
0.0442791	0.0977182	0.0203899
0.0467742	0.0329123	0.00725447
0.044593	0.07433	0.0156197
0.0205342	0.0171462	0.00165916
0.037252	0.0939731	0.0164966
0.0964851	0.0255032	0.0115957
0.00703361	0.0123936	0.000410789
0.0526338	0.0160167	0.00397264
0.0517708	0.0105274	0.00256831
0.0841576	0.0368625	0.0146191
0.0423891	0.0327295	0.00653784
0.0713547	0.0576818	0.0193956
0.0871884	0.075827	0.0311547
0.0836598	0.0699821	0.0275896
0.0389061	0.0935248	0.0171469
0.0605603	0.0362147	0.0103351
0.0539505	0.0455127	0.011571
0.0401693	0.0240516	0.00455281
0.00830866	0.0421636	0.00165086
0.047238	0.0289837	0.0064519
0.010497	0.0216465	0.00107076
0.0802019	0.0527486	0.0199359
0.0668821	0.0863656	0.0272202
0.0243751	0.0711593	0.00817372
0.0263664	0.0382883	0.00475727
0.00810064	0.0459817	0.00175528
0.0232868	0.0795373	0.00872813
0.0491344	0.000332846	7.70672e-05
0.026612	0.0664722	0.00833602
0.0425192	0.0186906	0.00374498
0.0963476	0.0134126	0.00608967
0.0795856	0.094605	0.0354805
0.0171156	0.0606041	0.00488805
0.00638046	0.0347557	0.00104501
0.0292469	0.0509707	0.00702492
0.0825837	0.0834355	0.0324703
0.0726443	0.0329501	0.0112798
0.0802085	0.06318	0.0238804
0.00453417	0.00415163	8.87069e-05
0.0153316	0.0767088	0.00554209
0.00617323	0.0519351	0.00151083
0.092915	0.0220593	0.00965872
0.0204564	0.00890838	0.000858753
0.0699691	0.0706491	0.0232945
0.0494631	0.0261852	0.0061035
0.0711572	0.0378428	0.0126895
0.0200645	0.0232684	0.00220007
0.0436097	0.0469552	0.00964956
0.0861188	0.0977241	0.0396589
0.044452	0.00343397	0.00071933
0.0523772	0.00317356	0.000783305
0.0753174	0.0591629	0.0209984
0.0822891	0.0329646	0.012783
0.0232079	0.0536575	0.00586823
0.0430619	0.0403641	0.00819086
0.0987325	0.0966913	0.0449872
0.0850531	0.0867527	0.0347708
0.0311606	0.0148476	0.00218023
0.0997599	0.0639559	0.0300661
0.0468075	0.0931922	0.0205559
0.0690773	0.0815425	0.0265436
0.0541535	0.0572849	0.0146187
0.0159217	0.0945256	0.00709218
0.0821334	0.0155498	0.00601848
0.00410757	0.0343679	0.000665242
0.011002	0.00966286	0.000500979
0.0518774	0.00225028	0.000550118
0.0561484	0.085689	0.0226727
0.0516909	0.0674557	0.0164314
0.0737175	0.069849	0.0242646
0.00228005	0.0192065	0.000206364
0.0670991	0.0345937	0.0109384
0.00662912	0.0140796	0.000439834
0.0921118	0.0221734	0.00962474
0.0380115	0.0586057	0.0104978
0.0167314	0.00264371	0.000208442
0.0691127	0.0762368	0.0248292
0.0713696	0.00774166	0.00260368
0.058981	0.092551	0.0257238
0.0929698	0.0430503	0.0188608
0.050597	0.0831273	0.0198203
0.0919236	0.0601677	0.0260635
0.0723837	0.0519385	0.0177162
0.0490818	0.0161503	0.00373545
0.0976116	0.0574403	0.0264216
0.0273252	0.0531474	0.00684363
0.0698558	0.0667083	0.0219596
0.00974334	0.0548781	0.0025197
0.0610738	0.0667999	0.0192252
0.0495126	0.0571625	0.0133373
0.0588888	0.0441369	0.0122483
0.0151218	0.0502325	0.00357955
0.0731364	0.00317534	0.00109437
0.00516177	0.0522111	0.00127
0.0320643	0.0035156	0.000531205
0.0245143	0.010727	0.00123919
0.0382969	0.0551874	0.00995967
0.0597169	0.0611149	0.0171983
0.0935252	0.0772053	0.0340265
0.0513149	0.0486732	0.01177
0.0650128	0.0697026	0.0213545
0.0407538	0.0486901	0.00935083
0.0479783	0.0710479	0.0160634
0.0534199	0.0276719	0.006966
0.0605539	0.0280176	0.00799491
0.070337	0.0530537	0.0175849
0.0938254	0.0235479	0.0104115
0.0413495	0.0597516	0.0116429
0.0783003	0.092026	0.0339559
0.0681491	0.0821195	0.0263723
0.0527413	0.0230347	0.00572499
0.0143685	0.0899531	0.00609072
0.0251423	0.0651549	0.00771957
0.00048166	0.0935942	0.000212437
0.0275354	0.085878	0.0111433
0.0278929	0.0952436	0.012519
0.050682	0.0123037	0.00293855
0.0416476	0.0702501	0.0137873
0.0436492	0.0107828	0.00221794
0.0766175	0.00999556	0.00360891
0.0441266	0.0344642	0.00716654
0.0297065	0.0757645	0.0106062
0.033851	0.0330825	0.0052773
0.00556071	0.0573226	0.00150209
0.0485287	0.0202562	0.0046323
0.0114475	0.097435	0.00525616
0.086461	0.0491892	0.0200415
0.0367395	0.0804932	0.0139359
0.0162205	0.0159664	0.00122042
0.00577239	0.0149336	0.000406221
0.0468102	0.038067	0.00839712
0.0883705	0.0424191	0.0176648
0.0412249	0.0651329	0.0126532
0.0308328	0.00602365	0.000875213
0.0814417	0.0897667	0.0344511
0.0919492	0.0901228	0.0390502
0.0770047	0.0170879	0.00620079
0.0572442	0.00315006	0.000849752
0.0803268	0.0522262	0.0197693
0.0861622	0.027727	0.011258
0.0869494	0.0586903	0.0240477
0.0389172	0.0811914	0.01489
0.0525671	0.0939877	0.0232823
0.0420039	0.0579905	0.0114785
0.0749145	0.0880796	0.0310944
0.0338085	0.018963	0.00302116
0.0743126	0.0718948	0.0251768
0.0879162	0.00729618	0.00302277
0.0710114	0.0879072	0.0294167
0.035938	0.00899441	0.00152324
0.016103	0.0416855	0.00316324
0.00964295	0.0674725	0.00306604
0.0562612	0.0813066	0.0215564
0.0878192	0.0769383	0.03184
0.0635206	0.0896534	0.0268363
0.0878413	0.0486522	0.0201392
0.0113071	0.0377547	0.00201171
0.038262	0.0687609	0.012398
0.012174	0.00769141	0.000441247
0.0143303	0.0477693	0.00322586
0.0708588	0.0238096	0.00795035
0.0390967	0.0975883	0.0179796
0.0628767	0.0681231	0.0201848
0.0908691	0.0362464	0.0155211
0.0859213	0.0794298	0.0321607
0.0428874	0.00736036	0.00148754
0.0498631	0.0483924	0.011371
0.0450735	0.0499707	0.010614
0.0740759	0.093285	0.0325634
0.0300122	0.0146281	0.00206884
0.0110019	0.0080414	0.00041691
0.0972476	0.0408237	0.0187082
0.0238411	0.0963164	0.010821
0.0833474	0.019816	0.00778305
0.0129482	0.0196388	0.0011983
0.033912	0.0575722	0.0092004
0.0440269	0.0585716	0.012152
0.0432878	0.0368266	0.00751221
0.0382318	0.0600173	0.0108129
0.0429473	0.0148873	0.00301295
0.0670197	0.0995401	0.031437
0.0698067	0.04028	0.0132503
0.0849278	0.0819545	0.0327993
0.0793382	0.0374312	0.0139945
0.000960888	0.0479831	0.000217271
0.0639058	0.0646531	0.0194702
0.0644898	0.0799055	0.0242834
0.0377365	0.0357736	0.00636158
0.0389501	0.0334373	0.00613736
0.0693589	0.0144983	0.00473871
0.0291526	0.066689	0.00916163
0.0854365	0.0314767	0.0126729
0.0144143	0.0602289	0.00409111
0.000558919	0.0920837	0.000242534
0.0381956	0.051658	0.00929804
0.0344456	0.0264207	0.00428864
0.0291001	0.0833665	0.0114321
0.0124392	0.0634656	0.00372024
0.00486984	0.04581	0.00105127
0.0376817	0.0155957	0.00276935
0.0755856	0.0666007	0.0237224
0.00115316	0.0794901	0.00043196
0.0560915	0.0288726	0.00763174
0.0415561	0.0320679	0.00627981
0.0514591	0.0719183	0.0174398
0.0842044	0.0231972	0.00920475
0.0465008	0.0373422	0.00818278
0.0050044	0.00739429	0.000174377
0.020245	0.0566226	0.00540193
0.0831524	0.042261	0.0165598
0.0839549	0.0293114	0.0115964
0.0181197	0.035759	0.00305335
0.093411	0.058946	0.0259474
0.0369041	0.0463112	0.00805383
0.0627831	0.0944458	0.0279426
0.0405787	0.00505766	0.000967139
0.0444851	0.0595968	0.0124933
0.0748311	0.0864185	0.0304741
0.0131024	0.0104669	0.000646263
0.0665308	0.0833394	0.0261285
0.0581286	0.0658628	0.0180414
0.0982032	0.00190141	0.00087992
0.0921473	0.0194759	0.00845711
0.0967723	0.052312	0.0238558
0.0278796	0.0719823	0.00945701
0.0590459	0.0837098	0.023292
0.0834692	0.0659922	0.0259573
0.0730448	0.0643062	0.0221352
0.034953	0.0534923	0.00881082
0.0664148	0.0323497	0.0101245
0.0869188	0.0442426	0.0181216
0.0917967	0.027674	0.0119713
0.0951753	0.0117326	0.00526211
0.0416008	0.0836392	0.0163966
0.0962535	0.0332995	0.0151041
0.0526182	0.0536003	0.0132906
0.0818108	0.0929897	0.0358498
0.0662893	0.0243304	0.00760036
0.0941429	0.0596763	0.0264747
0.0126034	0.0247049	0.00146728
0.0886726	0.0196258	0.00820084
0.0162959	0.0836013	0.00641996
0.0602406	0.062328	0.0176935
0.0838679	0.0671681	0.026546
0.0391556	0.0871297	0.0160769
0.0667348	0.0115695	0.00363838
4.12252e-06	0.0676098	1.31345e-06
0.0628754	0.0454602	0.0134695
0.0574346	0.00323661	0.000876004
0.0351393	0.0855097	0.0141596
0.0370838	0.0661459	0.0115592
0.057643	0.00600538	0.00163128
0.0744469	0.0279565	0.00980778
0.0442624	0.0176502	0.00368152
0.00918018	0.0897255	0.00388158
0.0992419	0.05942	0.0277887
0.00330045	0.0690962	0.00107466
0.0487212	0.0569383	0.0130727
0.0895724	0.0434559	0.0183428
0.0688595	0.0203238	0.00659492
0.0481721	0.0272516	0.00618626
0.094712	0.0244376	0.010907
0.0953262	0.0477004	0.0214277
0.0127088	0.096144	0.00575797
0.0857156	0.0217488	0.00878489
0.000700893	0.0782496	0.000258449
0.00503942	0.0960059	0.00227992
0.0641374	0.0573443	0.0173318
0.0137094	0.012913	0.000834234
0.0824627	0.0501904	0.0195038
0.0655888	0.0505108	0.0156119
0.0526455	0.0118485	0.00293946
0.0903056	0.0668938	0.028467
0.0277587	0.0386769	0.00505931
0.0391494	0.0831114	0.015333
0.0243002	0.0123532	0.00141459
0.0728307	0.064811	0.0222436
0.0201217	0.084871	0.0080476
0.00225574	0.0105652	0.000112307
0.018798	0.0361031	0.00319814
0.0779659	0.0719232	0.026425
0.0666364	0.0581011	0.0182447
0.0351173	0.0157239	0.00260209
0.0292091	0.0169193	0.00232885
0.0223698	0.0671384	0.0070774
0.0404766	0.0886522	0.0169096
0.0579363	0.0341914	0.00933487
0.0437241	0.0699669	0.0144163
0.0834283	0.0792003	0.0311373
0.0849068	0.0282291	0.0112949
0.0264662	0.0170044	0.00212078
0.0533533	0.00732764	0.00184232
0.0998736	0.0750196	0.0353075
0.0122222	0.0164683	0.000948502
0.0425108	0.0773225	0.0154898
0.0213569	0.0433985	0.0043677
0.00330782	0.0929329	0.00144861
0.0106044	0.026636	0.00133106
0.0482049	0.0792801	0.0180093
0.0257525	0.0213994	0.00259695
0.0282465	0.038069	0.0050673
0.0208124	0.0928535	0.00910671
0.0764064	0.0616601	0.0222011
0.0575853	0.0356399	0.00967139
0.0907848	0.0197981	0.00846988
0.0114108	0.0791161	0.00425423
0.0698163	0.00183494	0.000603697
0.0747969	0.0114618	0.00403996
0.0894964	0.0654663	0.0276099
0.0345891	0.0382475	0.00623424
0.021505	0.0331358	0.00335798
0.00177861	0.0914377	0.000766385
0.078547	0.0393512	0.0145656
0.0729984	0.0831568	0.0286057
0.0877797	0.0129696	0.00536492
0.0343426	0.0942075	0.0152461
0.0362192	0.0352125	0.00601004
0.00806561	0.0571934	0.00217382
0.0776394	0.0844217	0.0308871
0.0493296	0.0817335	0.0189998
0.0642735	0.0435432	0.0131884
0.0352315	0.0349222	0.00579794
0.0281545	0.0919127	0.0121945
0.0626153	0.0744606	0.0219709
0.0157541	0.077644	0.00576425
0.0251956	0.0612097	0.00726751
0.0854603	0.0314676	0.0126727
0.0608445	0.012601	0.00361298
0.0373662	0.013338	0.00234861
0.0261863	0.0126118	0.0015563
0.0202818	0.075055	0.00717344
0.00709511	0.0458968	0.00153455
0.0963244	0.0234752	0.0106558
0.0197519	0.0683978	0.00636636
0.00813274	0.0854251	0.00327389
0.0152563	0.0120265	0.000864629
0.0809124	0.0944198	0.0360014
0.00455213	0.00603563	0.000129473
0.0829722	0.0141265	0.00552343
0.0801168	0.0227566	0.00859155
0.0399215	0.0599234	0.0112731
0.0655207	0.00538214	0.00166178
0.0986364	0.0812324	0.0377579
0.041358	0.00319352	0.000622402
0.010805	0.097447	0.00496172
0.0867119	0.0671112	0.027423
0.0834369	0.0238293	0.00936939
0.0716939	0.0589749	0.0199246
0.0222541	0.022784	0.00238935
0.000157462	0.0447869	3.32328e-05
0.0409766	0.0933012	0.0180163
0.00224627	0.0513548	0.000543604
0.0376502	0.0859525	0.0152499
0.0793872	0.0609507	0.0228019
0.0331804	0.0624043	0.00975748
0.0653873	0.0644425	0.0198567
0.0259121	0.00260977	0.000318673
0.0987042	0.0207829	0.00966678
0.0642326	0.0560369	0.0169617
0.0376934	0.0120779	0.00214534
0.0449107	0.0137802	0.00291639
0.0585801	0.0542646	0.0149799
0.0483602	0.0886611	0.0202052
0.00815956	0.0362657	0.00139445
0.010081	0.0299281	0.00142175
0.0841668	0.0913011	0.0362125
0.0827927	0.0970302	0.0378565
0.081328	0.0797893	0.0305792
0.0839796	0.0448775	0.01776
0.0642096	0.0693957	0.0209978
0.081576	0.0468262	0.0180008
0.0193635	0.0401615	0.00366466
0.0930652	0.0467262	0.0204922
0.0378445	0.0517644	0.00923156
0.0227757	0.0899277	0.00965176
0.0985847	0.013708	0.00636834
0.0458481	0.0689165	0.0148897
0.0279016	0.0409337	0.0053821
0.0739932	0.00313519	0.00109319
0.0303933	0.0192727	0.00276034
0.081319	0.0274941	0.0105359
0.0717761	0.0408686	0.0138233
0.0785073	0.0722321	0.0267228
0.057706	0.0632975	0.0172127
0.0798596	3.75322e-05	1.41245e-05
0.0627795	0.0346497	0.0102508
0.0471857	0.0492258	0.0109457
0.052962	0.0318617	0.00795198
0.0857925	0.0138088	0.00558273
0.0399143	0.0386974	0.00727867
0.0846437	0.00562291	0.00224283
0.045688	0.0765555	0.0164824
0.0292496	0.0961924	0.0132587
0.1	0.0999092	0.0470811
0.0741617	0.0349848	0.0122264
0.0796585	0.0199081	0.00747312
0.0600735	0.054287	0.0153681
0.0251694	0.0201697	0.00239228
0.0575624	0.0513808	0.0139374
0.0747701	0.0608059	0.0214247
0.0989635	0.079847	0.037237
0.0554778	0.0146757	0.00383671
0.0107011	0.0523832	0.00264157
0.0246301	0.057167	0.00663518
0.0334366	0.0678742	0.0106947
0.00693675	0.0844656	0.00276107
0.0876262	0.0332139	0.013715
0.0145401	0.07441	0.00509848
0.0661891	0.0402843	0.012565
0.0585028	0.0555497	0.0153144
0.0494117	0.061454	0.0143094
0.092483	0.0613965	0.0267576
0.0256384	0.00397593	0.000480365
0.0620715	0.0343555	0.0100491
0.00241678	0.0171476	0.000195291
0.0610724	0.0423903	0.0121998
0.0568438	0.07304	0.0195652
0.0373974	0.0365707	0.00644489
0.0376278	0.00866971	0.00153728
0.0583116	0.0418224	0.0114922
0.0110807	0.032533	0.00169877
0.0685165	0.0564027	0.0182111
0.0871871	0.0531907	0.0218539
0.0974538	0.00603353	0.00277084
0.0475345	0.0110221	0.00246897
0.0992179	0.054956	0.0256949
0.0698705	0.0127324	0.00419224
0.0474985	0.00594411	0.00133048
0.0445108	0.0917985	0.0192549
0.0439511	0.0858525	0.0177813
0.0997177	0.0549347	0.0258143
0.0124285	0.0846341	0.00495685
0.0190259	0.0664379	0.00595664
0.0656273	0.0973196	0.0300972
0.0457617	0.0159431	0.00343807
0.0139186	0.0283404	0.00185884
0.0972964	0.0597997	0.027418
0.0852208	0.00629797	0.00252923
0.0925623	0.0949399	0.0414118
0.0466668	0.0282303	0.00620819
0.0460251	0.0430881	0.00934531
0.0866139	0.0198711	0.00811055
0.0384766	0.075922	0.013766
0.0814225	0.0672772	0.0258139
0.0721586	0.0683397	0.0232382
0.0313987	0.0168566	0.00249415
0.0688042	0.0920944	0.02986
0.0165765	0.000391805	3.06058e-05
0.0176307	0.0178234	0.00148082
0.0198053	0.0668307	0.00623734
0.0674452	0.051753	0.0164486
0.0323406	0.0467021	0.00711746
0.0320825	0.00937344	0.00141713
0.0870438	0.0445176	0.0182604
0.0147776	0.0652081	0.00454094
0.0941982	0.0882362	0.0391679
0.0660928	0.0203993	0.00635346
0.0170347	0.0016173	0.000129827
0.0165415	0.0109172	0.000850996
0.0361193	0.0561177	0.00955169
0.0963839	0.024557	0.0111537
0.00238619	0.00301372	3.38882e-05
0.0886172	0.0886363	0.0370144
0.0913224	0.0547446	0.0235592
0.0172577	0.0487099	0.00396133
0.0814419	0.0936615	0.035946
0.0583064	0.0548952	0.0150831
0.0471754	0.0753362	0.0167479
0.0332313	0.0172541	0.00270198
0.0512964	0.0380488	0.0091975
0.0828165	0.0967041	0.0377401
0.000477885	0.0301459	6.7888e-05
0.0454567	0.0890464	0.0190746
0.0843533	0.0250431	0.00995477
0.0733911	0.0839572	0.0290364
0.0422962	0.0708508	0.0141217
0.0405875	0.0526347	0.0100671
0.0525561	0.00916244	0.00226921
0.0403688	0.0782152	0.0148792
0.026479	0.0307928	0.0038423
0.0184969	0.0756651	0.00659531
0.0620673	0.0645381	0.0188765
0.0327314	0.0154317	0.00238023
0.0184356	0.0455254	0.00395505
0.0533181	0.0162512	0.0040832
0.092577	0.0409117	0.0178481
0.00311884	0.0167369	0.000245985
0.0565062	0.0985433	0.02624
0.014026	0.0333637	0.0022052
0.0309119	0.0354391	0.00516238
0.0162869	0.0322218	0.00247303
0.0379583	0.0641412	0.0114732
0.0602311	0.0037779	0.00107229
0.0335104	0.00783063	0.00123656
0.0544029	0.0491173	0.0125921
0.0287872	0.0252793	0.0034293
0.0439321	0.0658648	0.0136357
0.0325579	0.000176418	2.70671e-05
0.0972696	0.010096	0.00462771
0.0318377	0.095552	0.0143358
0.034927	0.016549	0.00272379
0.0985489	0.011653	0.00541168
0.00418859	0.096096	0.00189677
0.0785281	0.0220468	0.00815854
0.0101462	0.0254637	0.00121749
0.0437511	0.0243087	0.00501177
0.0282594	0.0549274	0.00731464
0.0882302	0.0851664	0.0354101
0.0670468	0.0557655	0.0176191
0.0757833	0.0902006	0.0322125
0.085338	0.0759721	0.0305519
0.0233951	0.099829	0.0110058
0.0261283	0.0375103	0.00461852
0.0299504	0.0745548	0.0105225
0.0991835	0.0766337	0.0358179
0.042861	0.0641701	0.0129609
0.0463801	0.0102558	0.00224152
0.0181881	0.0863374	0.00739994
0.0503358	0.0930982	0.0220831
0.0898036	0.0291237	0.0123248
0.0629142	0.0975402	0.0289183
0.0544049	0.0830686	0.0212969
0.00548108	0.0189703	0.000489984
0.0975294	0.0765233	0.0351698
0.0869878	0.00324356	0.0013296
0.0518438	0.0375499	0.00917375
0.0969667	0.0193228	0.00882946
0.0228572	0.0596988	0.00643028
0.0896505	0.0549524	0.0232156
0.00847737	0.0777006	0.00310404
0.077109	0.0708428	0.025742
0.00519367	0.0883576	0.00216252
0.00716374	0.0994662	0.00335781
0.0269918	0.0499823	0.00635754
0.0687318	0.074846	0.0242419
0.0944648	0.0689738	0.030704
0.0911773	0.017131	0.00736056
0.0815332	0.0282899	0.0108694
0.0481878	0.0910862	0.0206838
0.0703183	0.0399368	0.0132338
0.0168437	0.0902503	0.00716353
0.0210065	0.054841	0.00542876
0.0372778	0.0263226	0.00462403
0.0806702	0.023591	0.00896811
0.0658912	0.0335672	0.0104228
0.0522131	0.0452938	0.0111445
0.0606871	0.0667138	0.0190789
0.00217669	0.0819223	0.000840309
0.0377316	0.0541842	0.00963428
0.09697	0.0746309	0.0341034
0.0793286	0.0758723	0.0283631
0.0453229	0.0406809	0.00868859
0.0244227	0.0702309	0.00808281
0.021382	0.0661211	0.00666239
0.040705	0.0276466	0.0053031
0.0343149	0.0301533	0.00487595
0.0688401	0.0954296	0.0309575
0.0778182	0.0902314	0.0330887
0.00216571	0.0974243	0.000994279
0.0053753	0.0410017	0.00103859
0.0163552	0.0796058	0.00613537
0.00115796	0.0602046	0.000328523
0.0921468	0.0110016	0.00477725
0.0545016	0.00731311	0.00187825
0.0556518	0.0383442	0.0100559
0.048143	0.0390994	0.00887042
0.0408673	0.0559153	0.0107683
0.0941078	0.069906	0.0310014
0.0589636	0.0011242	0.00031237
0.0282763	0.0387444	0.00516265
0.0745795	0.0565734	0.0198826
0.0554309	0.0268659	0.00701769
0.0117164	0.0161704	0.000892806
0.0354306	0.0808329	0.0134961
0.0265735	0.0191752	0.0024012
0.041445	0.064819	0.0126595
0.0529665	0.00729475	0.00182076
0.0469946	0.0379017	0.0083936
0.00988581	0.0493305	0.0022981
0.0132816	0.0216324	0.00135392
0.0438291	0.0353191	0.0072948
0.0993806	0.089216	0.0417816
0.0349941	0.0439207	0.00724276
0.0801629	0.098217	0.0371024
0.0301219	0.057668	0.00818575
0.0551922	0.014333	0.00372783
0.0506545	0.0499885	0.0119325
0.0729642	0.00826893	0.00284315
0.0217063	0.017301	0.0017697
0.038522	0.0374684	0.00680166
0.0264365	0.0164768	0.00205267
0.0856503	0.0245503	0.00990892
0.0893365	0.0791177	0.0333077
0.0964197	0.0250821	0.0113965
0.0284082	0.0549859	0.00736098
0.0718898	0.0515339	0.0174583
0.0486485	0.0351934	0.00806811
0.0858477	0.0412269	0.0166782
0.00204041	0.0915696	0.000880462
0.0959515	0.0568675	0.0257133
0.0997882	0.0400583	0.018837
0.0587661	0.0806374	0.0223308
0.0408226	0.00435029	0.000836874
0.0545436	0.0130186	0.00334618
0.05747	0.0969223	0.0262486
0.0681336	0.0207288	0.00665545
0.0563863	0.08307	0.0220729
0.0292873	0.0306131	0.00422501
0.0977984	0.0984923	0.0453916
0.0583706	0.0332935	0.00915788
0.0521574	0.00824865	0.0020274
0.080774	0.0681688	0.0259477
0.0594765	0.0204233	0.00572416
0.0200403	0.016402	0.00154897
0.0280788	0.0197545	0.00261389
0.0793055	0.0871839	0.0325822
0.0789201	0.00908364	0.00337823
0.0160008	0.0247101	0.0018632
0.076144	0.0517118	0.0185552
0.0391794	0.0868005	0.0160258
0.0332695	0.0596743	0.00935567
0.078021	0.098673	0.0362787
0.0954354	0.0822816	0.0370044
0.0777039	0.0686462	0.0251362
0.0841949	0.0628036	0.0249179
0.0768394	0.0396716	0.014365
0.0585258	0.0420109	0.0115865
0.0801599	0.0477811	0.0180491
0.0690773	0.0813641	0.0264856
0.0550919	0.0294864	0.00765509
0.0586986	0.0474373	0.0131217
0.0898639	0.0429298	0.0181797
0.025992	0.0464086	0.00568434
4.01542e-06	0.0658099	1.24527e-06
0.00918414	0.056235	0.00243381
0.0679043	0.0667657	0.0213644
0.0745264	0.06525	0.0229156
0.0981988	0.0279764	0.0129461
0.078277	0.000528106	0.000194803
0.00868135	0.00592912	0.00024256
0.092677	0.0214738	0.00937825
0.0781356	0.0253736	0.0093427
0.0286592	0.0738189	0.00996948
0.0295858	0.0473243	0.00659794
0.0909973	0.0923069	0.0395826
0.0891786	0.025073	0.0105368
0.0752406	0.0683941	0.02425
0.0468108	0.0473975	0.0104554
0.0208753	0.0506439	0.00498198
0.0897771	0.0835083	0.0353294
0.0958706	0.0973104	0.0439629
0.0918436	0.0148789	0.00643962
0.0262891	0.0396548	0.00491262
0.0771451	0.0770641	0.0280157
0.0775716	0.0454533	0.0166153
0.0418674	0.0636357	0.012555
0.0647096	0.0742028	0.0226272
0.0829492	0.0272208	0.0106403
0.0780222	0.018049	0.00663609
0.0119998	0.0787728	0.00445442
0.0991853	0.00773473	0.00361521
0.0424933	0.0841132	0.0168432
0.0633543	0.0944816	0.0282075
0.0430354	0.0945968	0.0191842
0.0798559	0.0377241	0.014196
0.0246792	0.0828722	0.00963789
0.00416044	0.0228678	0.000448337
0.00940011	0.0861443	0.00381593
0.0043492	0.0954656	0.00195658
0.0824232	0.0869027	0.0337539
0.0511975	0.0750129	0.0180978
0.0998299	0.0417516	0.0196415
0.0211603	0.0403767	0.00402619
0.0108906	0.0362121	0.00185843
0.00968774	0.0204006	0.000931336
0.0387091	0.0823597	0.0150234
0.0899207	0.096584	0.0409266
0.0817066	0.0416898	0.0160519
0.0817441	0.0724991	0.0279274
0.0458525	0.0415159	0.00897053
0.0592706	0.0603399	0.0168533
0.0667519	0.0987431	0.0310607
0.0739097	0.000430173	0.000149825
0.0625462	0.0130265	0.00383945
0.0896096	0.0677865	0.0286245
0.032833	0.0236909	0.00366551
0.045146	0.0680776	0.0144832
0.025883	0.0146078	0.00178173
0.070385	0.059882	0.0198617
0.0690967	0.00738048	0.00240316
0.0879646	0.0203044	0.00841664
0.021674	0.0732625	0.00748276
0.0785623	0.0958219	0.0354748
0.0715461	0.0740503	0.0249663
0.019523	0.0215526	0.00198283
0.00204591	0.0839176	0.000809059
0.0760827	0.0218703	0.00784117
0.0420199	0.0270774	0.00536171
0.0676851	0.0835862	0.0266605
0.00504932	0.0622852	0.00148203
0.0633692	0.0457787	0.0136704
0.0109522	0.0725262	0.00374316
0.00175183	0.0412895	0.000340856
0.0538175	0.0102347	0.00259562
0.0640355	0.0435829	0.0131516
0.00278014	0.0242554	0.000317773
0.0329901	0.0631879	0.00982333
0.0375769	0.0544686	0.00964514
0.0768851	0.00790332	0.00286347
0.0762721	0.00483599	0.00173817
0.0184595	0.0470383	0.00409178
0.083848	0.0338518	0.0133757
0.036835	0.0853813	0.0148206
0.0786713	0.0278636	0.0103298
0.0815298	0.0703361	0.0270231
0.0897892	0.0870389	0.0368281
0.0412816	0.0182063	0.00354175
0.0554444	0.0530978	0.0138731
0.0350969	0.0725319	0.0119961
0.097199	0.0235403	0.0107824
0.0140849	0.0237822	0.00157851
0.080156	0.0822318	0.0310611
0.0401016	0.0867902	0.0164011
0.0602371	0.00387559	0.00110013
0.0755131	0.0487763	0.0173569
0.0978602	0.0355317	0.0163856
0.0729885	0.0165127	0.00567953
0.0878879	0.0310397	0.0128554
0.0677584	0.0150456	0.00480412
0.0287851	0.0906716	0.0122993
0.00221698	0.0591755	0.000618223
0.0944596	0.0829348	0.0369168
0.056811	0.0211421	0.00566007
0.00303801	0.0582159	0.000833435
0.0641647	0.0155143	0.00469104
0.00682646	0.0307594	0.000989498
0.0574307	0.0368672	0.00997758
0.0210034	0.00350675	0.000347085
